65
44
57
52
79
58
19
76
88
91
100
61
86
49
37
74
53
92
26
16
100
10
54
47
99
32
80
18
43
47
7
79
64
28
76
90
70
41
5
16
36
95
61
29
58
52
71
49
56
69
42
84
59
35
61
57
76
60
64
95
82
74
95
57
42
50
86
83
57
70
82
52
38
29
65
37
83
19
4
23
7
88
2
89
26
77
87
60
31
40
47
2
73
78
65
20
11
35
58
87
59
22
10
41
61
69
73
78
94
83
88
34
25
98
15
6
100
54
5
50
10
65
6
64
93
56
8
60
28
43
34
77
47
54
28
56
78
92
47
71
37
12
5
52
26
29
56
30
88
50
66
69
13
69
56
29
30
25
41
99
52
92
3
58
57
69
65
95
41
15
11
94
65
42
43
96
16
13
97
89
74
20
36
52
51
44
57
67
65
70
19
44
81
31
65
68
71
48
85
61
73
32
39
50
11
50
82
71
43
13
47
92
75
33
40
27
18
74
83
4
21
13
55
93
34
22
28
68
88
88
70
38
63
1
15
27
43
15
29
77
32
98
88
39
52
38
81
96
77
70
60
1
43
83
59
6
30
33
81
38
43
92
22
68
47
14
42
99
78
90
78
84
14
19
96
45
19
39
48
8
67
37
21
24
83
94
74
19
72
31
3
58
45
80
12
52
88
31
71
33
39
55
78
66
29
73
12
78
85
63
43
83
69
66
27
60
18
44
17
79
83
14
74
5
19
26
87
77
84
79
39
38
62
56
6
55
39
38
92
63
7
28
26
24
87
18
21
83
88
85
96
94
92
100
84
36
18
57
66
6
62
53
95
48
95
25
24
90
61
11
17
52
57
13
18
96
33
73
63
32
83
94
86
55
95
3
68
19
73
95
83
13
87
52
65
76
43
69
32
89
50
48
49
33
28
77
48
92
24
29
4
7
71
32
75
58
15
54
37
94
93
60
54
92
32
38
93
59
68
16
87
52
97
58
38
60
51
45
96
83
39
67
24
6
82
77
93
27
82
4
69
7
32
23
52
36
98
1
78
78
61
52
65
45
100
38
75
35
7
78
57
30
19
92
62
79
29
4
24
43
76
53
54
41
75
91
21
54
36
48
78
47
39
72
5
73
91
47
90
59
98
59
84
66
1
31
42
80
83
48
24
96
87
20
72
16
38
64
43
23
80
45
49
59
15
75
91
3
52
54
37
91
60
10
90
77
43
14
91
93
28
75
54
1
54
86
65
75
72
87
29
10
69
52
33
82
52
31
37
71
94
16
66
29
2
88
57
72
99
42
12
65
18
41
62
17
29
69
31
82
66
83
62
17
79
83
91
73
31
31
36
19
63
20
67
90
41
71
16
93
53
95
16
68
77
97
90
95
82
68
2
69
25
33
76
83
38
80
56
68
7
93
40
19
10
65
93
6
70
44
2
42
48
38
76
59
54
44
11
73
66
83
82
15
71
47
62
10
65
7
56
6
96
39
8
95
21
59
38
28
47
56
44
93
31
86
76
96
76
28
7
45
23
54
90
1
7
76
95
7
49
85
94
26
64
6
44
4
3
16
61
8
70
92
16
52
79
51
11
68
19
79
90
68
32
5
56
40
41
89
81
24
27
14
56
2
97
75
74
100
89
30
93
36
33
77
4
36
9
58
88
46
27
82
59
82
7
44
66
48
86
14
38
41
69
48
26
62
10
45
41
32
81
46
84
28
25
18
50
3
65
67
14
50
12
59
60
43
19
5
66
44
54
96
38
92
97
20
91
58
32
84
54
16
85
54
26
79
3
52
91
44
38
39
69
37
50
96
45
70
34
42
62
62
52
86
96
22
48
36
68
35
74
77
20
94
25
26
8
50
87
28
77
8
19
62
58
91
10
93
99
10
48
11
77
32
85
27
5
13
80
97
79
28
12
19
21
17
46
77
29
69
90
89
51
47
92
71
14
48
5
12
44
85
72
23
26
13
71
33
62
91
71
58
81
38
2
68
73
42
40
2
82
27
31
91
34
95
87
53
81
6
88
100
62
11
1
42
78
7
62
24
10
96
38
93
19
71
21
51
11
25
13
29
15
26
99
4
100
43
72
98
43
14
36
79
82
62
55
75
3
27
46
24
82
44
45
26
40
68
21
4
52
19
58
61
97
41
73
33
20
90
74
10
69
68
63
99
96
10
53
97
75
28
96
73
84
78
91
34
36
60
30
7
4
47
14
45
74
37
41
14
57
67
100
59
88
85
64
9
65
56
63
94
60
96
72
78
41
83