66
98
25
76
45
9
53
80
80
5
58
6
85
93
62
100
54
31
66
75
98
91
24
92
21
13
67
94
6
75
89
40
53
80
70
37
78
85
37
5
42
19
55
15
63
1
19
99
5
65
67
77
8
19
50
10
30
25
62
93
55
91
71
47
27
46
64
90
19
57
62
46
14
53
14
20
91
98
58
36
81
93
33
18
60
4
85
87
49
3
27
26
37
86
67
16
71
38
37
73
78
60
59
18
42
46
4
43
80
36
28
13
62
96
81
98
10
71
85
79
72
3
58
95
49
26
42
97
35
29
60
80
28
3
46
1
22
30
92
45
89
32
30
78
52
48
65
65
71
52
6
87
63
60
46
62
1
98
3
17
25
72
21
55
91
14
74
42
57
79
15
18
3
78
67
62
89
68
6
36
86
25
83
98
34
53
97
24
25
65
55
12
51
83
82
46
43
25
49
66
53
22
95
1
17
59
92
38
1
61
21
37
68
22
63
23
95
64
68
55
78
44
27
75
100
97
12
10
36
60
45
30
19
45
97
20
57
30
60
30
97
54
53
33
46
14
62
33
43
32
36
77
44
26
96
70
9
91
96
78
29
24
52
7
49
28
90
15
63
48
8
94
95
63
35
23
55
52
82
3
39
96
23
93
50
69
3
55
3
12
79
83
58
81
95
56
22
44
90
71
13
33
31
36
32
43
55
4
8
99
59
41
85
31
34
58
66
66
68
86
43
5
54
43
26
76
86
79
70
68
33
97
62
92
56
74
37
56
36
74
48
77
18
18
80
15
77
32
95
44
92
60
76
42
2
52
65
44
75
61
87
40
51
86
83
56
24
88
78
19
14
18
59
98
84
35
67
83
46
73
91
10
18
20
57
27
44
83
49
12
66
77
52
45
61
95
29
14
12
77
47
93
66
58
83
89
14
13
2
61
29
15
92
40
88
8
12
3
86
87
80
64
82
31
53
21
57
54
9
98
35
50
76
11
25
26
84
61
41
55
83
78
57
41
3
78
37
25
12
90
90
90
81
70
2
61
20
80
38
28
11
69
6
31
98
49
7
18
13
96
50
6
54
89
10
73
92
84
6
100
95
17
53
9
20
42
42
27
7
75
50
93
44
38
96
68
1
15
100
45
38
62
7
1
7
89
39
18
89
4
91
23
78
99
47
68
12
63
52
11
3
35
34
70
66
14
18
47
9
79
77
21
14
15
3
11
2
24
32
80
36
86
76
25
72
25
37
64
58
85
82
14
32
94
20
61
27
78
69
94
41
63
88
33
45
24
89
3
33
35
6
58
31
97
74
43
33
77
87
50
74
75
46
2
21
22
16
9
95
39
33
15
77
10
87
12
55
73
38
16
32
95
53
49
98
29
23
23
52
49
25
85
51
91
25
57
57
59
57
100
54
98
54
42
46
80
65
37
25
8
48
87
9
18
66
51
87
27
30
26
94
70
54
71
61
2
33
7
86
52
59
58
35
3
95
18
74
3
38
15
77
100
43
27
11
33
62
1
52
55
61
76
53
66
12
92
40
98
99
58
77
81
15
67
44
42
43
48
43
96
1
11
30
100
61
38
30
16
84
10
35
46
4
17
52
39
23
42
89
59
48
59
36
87
28
60
80
67
56
27
62
49
76
42
61
92
50
7
75
60
61
66
48
8
31
66
65
55
50
52
45
24
40
85
3
13
97
88
77
31
49
38
49
30
36
96
6
72
94
16
73
61
96
60
82
2
77
19
99
81
28
98
55
47
72
72
67
36
58
27
59
59
9
12
21
64
15
69
9
55
30
45
75
60
35
57
44
39
43
31
57
11
86
92
52
97
35
94
41
19
79
57
68
54
69
9
4
23
57
97
32
65
61
100
11
65
4
36
80
62
82
48
84
92
14
89
72
9
96
77
57
72
83
85
59
57
80
75
88
47
48
9
41
26
52
61
5
72
41
22
16
59
20
38
90
40
54
29
82
2
37
44
6
54
61
79
80
67
36
21
14
72
74
72
59
41
81
91
57
26
69
73
3
51
70
5
51
65
8
70
65
53
85
9
57
79
90
27
18
49
40
19
53
72
34
29
48
62
68
60
61
75
26
70
92
15
52
14
64
15
58
34
93
24
23
37
28
98
2
86
65
13
47
43
19
32
85
59
76
16
62
86
42
7
8
86
3
75
76
81
97
64
10
80
15
98
67
80
83
49
6
86
25
57
25
45
35
10
90
93
72
67
68
22
25
13
56
21
31
2
78
1
85
43
60
90
32
79
70
17
4